0,0,0,0,0,2,1 3.01
0,0,0,0,1,1,1 2.7
1,0,1,0,0,0,1 4.58
0,0,2,0,0,2,1 2.31
0,0,0,0,0,2,1 2.39
1,0,1,0,0,0,1 2.82
1,0,2,0,0,0,1 2.83
0,0,1,0,0,0,1 2.91
0,0,2,0,1,1,1 3.1
0,0,0,0,1,0,1 3.84
1,1,2,1,1,0,1 4.47
1,0,0,0,1,0,1 2.21
1,0,0,0,0,2,1 3.06
1,0,1,0,0,2,1 2.12
1,0,2,0,0,2,1 2.21
1,0,1,0,1,2,1 2.92
0,1,0,0,0,2,1 2.51
0,0,1,0,0,2,1 3.97
1,0,1,0,0,0,1 2.99
1,1,0,1,1,2,1 2.61
1,0,0,0,1,1,1 2.48
1,0,2,0,0,2,1 3.32
1,0,0,0,0,0,1 2.87
0,1,2,0,0,0,1 3.78
0,0,1,0,1,1,1 0.88
0,1,0,0,1,2,1 1.72
0,1,2,1,1,0,1 2.81
0,1,0,0,1,2,1 9.29
0,1,2,1,0,0,1 2.72
0,1,1,0,0,0,1 2.72
1,0,0,0,0,0,1 2.12
0,0,0,0,1,0,1 3.1
0,1,0,1,1,0,1 2.22
1,0,0,0,1,0,1 2.06
0,0,0,0,0,0,1 3.58
1,1,0,0,0,0,1 4.78
1,1,0,0,0,2,1 2.24
0,1,0,0,0,0,1 3.5
0,0,0,0,1,2,1 2.13
1,1,0,0,0,0,1 4.6
1,0,2,0,0,1,1 2.9
1,1,0,0,1,2,1 3.27
1,1,1,1,0,0,1 3.16
1,1,0,0,1,2,1 3.3
1,1,0,0,0,0,1 2.19
1,0,2,0,0,2,1 4.58
0,0,0,0,1,2,1 2.41
0,1,0,0,0,2,1 4.15
0,1,2,0,0,2,1 2.43
0,1,0,0,0,0,1 4
0,0,0,0,1,2,1 3
0,1,0,0,1,0,1 4.87
0,0,1,0,0,0,1 6.14
1,1,2,0,0,1,1 1.81
0,0,2,0,0,0,1 2.6
1,0,0,0,0,2,1 3.51
0,1,0,0,1,0,1 2.1
0,1,0,0,1,0,1 3.35
0,1,2,1,0,0,1 2.82
0,1,0,1,1,0,1 2.1
1,0,0,0,0,2,1 3.16
1,1,1,1,1,0,1 2.61
1,0,0,0,0,0,1 2.82
0,1,1,1,0,1,1 2.81
1,0,0,0,0,1,1 6.36
1,0,0,0,1,2,1 2.6
0,1,0,0,1,0,1 4.04
1,1,2,0,0,0,1 3.09
1,0,0,0,0,1,1 2.06
1,0,0,0,1,0,1 3.17
1,0,1,0,0,1,1 1.71
1,1,2,0,0,0,1 1.71
0,1,0,1,0,1,1 3.69
0,0,0,0,1,1,1 2.1
1,0,2,0,1,1,1 2.99
0,1,1,1,0,0,1 2.6
0,0,0,0,0,1,1 2.82
1,0,2,0,0,1,1 2.78
1,1,2,1,0,0,1 3.27
1,0,1,0,0,1,1 2
1,1,0,1,1,0,1 4.73
1,1,2,0,1,0,1 2.2
1,1,1,0,1,1,1 3.15
0,1,1,0,1,0,1 2.62
0,1,2,0,0,0,1 2.21
1,0,2,0,0,0,1 3.92
1,0,0,0,0,0,2 3.96
1,0,0,0,0,0,2 6.1
1,1,0,1,1,0,2 5.59
0,1,0,1,0,0,2 5.25
0,1,0,1,1,0,2 6.28
0,1,0,1,1,0,2 7.82
0,1,2,0,1,0,2 5.04
1,1,2,1,1,0,2 5.73
1,0,2,0,0,0,2 4.03
1,0,1,0,0,0,2 5.77
1,1,0,1,1,0,2 6.76
1,1,2,1,1,0,2 4.85
1,1,0,0,1,0,2 4.29
1,1,0,0,0,2,2 6.4
1,1,2,0,1,1,2 5.43
1,1,1,0,0,1,2 4.33
0,1,0,1,1,0,2 3.19
0,0,1,0,0,0,2 6.97
0,1,0,0,1,1,2 6.18
0,0,0,0,1,2,2 5.58
0,1,1,1,1,0,2 3.78
0,1,1,1,1,0,2 3.36
0,1,0,0,1,0,2 7.04
0,0,0,0,1,0,2 7.03
1,1,1,0,0,1,2 5.47
1,0,2,0,0,0,2 5.31
1,1,2,0,0,0,2 5.07
0,1,1,1,0,0,2 4.81
0,1,0,1,1,0,2 8.07
1,0,0,0,0,0,2 5.95
0,1,2,0,0,0,2 8.33
0,1,2,0,0,0,3 9.01
0,1,0,1,1,0,3 7.57
1,1,0,0,0,0,3 9.35
0,1,0,0,0,0,3 7.85
0,1,0,1,0,0,3 8.98
1,0,0,0,0,0,3 8.06
0,1,0,1,0,0,3 9.63
0,1,0,1,1,0,3 11.62
1,0,0,0,0,0,3 8.43
1,1,1,1,0,0,3 8.2
1,1,0,0,0,2,3 8.7
1,0,0,0,1,0,3 8.59
1,0,2,0,0,0,3 10.4
0,1,1,1,1,2,3 5.18
0,0,0,0,1,0,3 8.91
0,1,0,0,0,0,3 7.59
0,1,0,0,0,0,3 7.44
1,0,1,0,0,2,3 9.18
1,0,0,0,0,0,3 10.15
1,1,2,1,0,0,3 9.43
1,1,2,1,1,0,3 10.19
1,1,0,0,1,0,3 7.35
0,1,2,1,1,0,3 6.84
0,1,0,0,1,0,3 8.99
1,0,0,0,0,1,2 3.01
1,1,0,1,0,0,2 5.25
0,1,1,1,1,0,2 4.89
0,1,0,0,0,0,2 4.18
1,0,0,0,1,0,2 4.18
0,1,0,1,1,0,2 5.85
0,1,1,1,0,2,2 4.95
0,1,0,1,0,0,2 5.96
0,1,0,1,1,0,2 4.74
1,1,0,1,0,0,2 5.43
1,1,2,0,1,2,2 6.19
1,1,0,0,1,0,2 6.67
0,1,1,1,0,0,2 4.3
0,1,1,1,0,0,2 3.01
0,1,2,1,0,0,2 5.17
1,1,2,0,1,0,2 4.46
1,1,0,1,1,0,2 4.42
1,1,0,0,0,0,2 7.06
0,1,0,1,0,0,2 5.15
0,1,2,1,1,0,2 3.7
1,1,0,0,1,2,2 6.96
1,1,0,1,1,0,3 7.92
1,0,1,0,0,0,3 10.71
0,1,0,1,0,0,3 7.99
0,0,0,0,1,0,3 9.5
0,1,0,0,1,0,3 7.62
1,1,0,1,1,1,3 7.69
1,1,2,1,1,0,3 5.6
1,0,2,0,1,1,3 11.42
0,1,1,0,1,0,3 8.24
1,1,0,0,0,0,3 8.65
1,1,0,0,1,2,3 8.31
1,1,0,1,1,0,3 6.34
0,1,0,1,1,0,3 6.41
0,0,1,0,0,1,3 6.9
0,1,1,1,1,0,3 7.01
0,0,1,0,0,0,3 9.85
1,1,1,1,1,0,3 8.32
0,1,1,1,1,0,3 8.05
0,1,0,0,1,0,3 11.35
1,0,0,0,0,0,2 4.34
0,1,0,0,0,0,2 6.92
1,0,0,0,1,1,2 4.83
1,1,0,0,0,0,2 6.58
0,1,0,1,0,0,2 7.89
